17194
17018
17287
16710
13199
18168
14395
14911
15611
13715
12748
14466
17888
13629
16554
14553
16858
15171
16029
15346
16138
14213
17569
16262
18055
14419
18219
17236
17968
16950
12867
16551
14321
12643
13758
16367
16718
13008
12402
13021
17739
12747
13030
15602
15034
12957
16781
18004
14669
12736
12484
14082
17978
16255
17685
15181
15716
17346
16306
17629
12551
17090
14440
14589
16954
13534
13280
15799
16321
17377
17211
13848
17732
14761
14401
15290
14146
17340
15160
17849
13001
17062
16746
12577
15854
16470
17402
14606
17238
15563
14723
16271
16552
14784
12841
12415
14657
15680
17227
14176
17790
16202
17076
12839
13033
14159
14078
13786
12393
14413
12947
13402
16727
15070
16499
18118
16125
16770
16665
16916
16510
18011
15204
14229
17364
12490
15738
13155
13145
16893
12709
14312
17320
15841
17214
14031
14290
17848
12370
13295
14329
13211
13230
15834
14491
13458
14800
16235
18074
16241
12763
14101
17456
18256
17358
14060
17454
17343
16684
17591
13034
16596
15527
17548
16442
13481
14961
14744
13705
15713
13748
15889
16385
12963
14258
16497
15380
17228
13502
17621
15727
14775
14047
16168
13397
14770
12524
16252
12826
15189
13408
18075
15996
16928
17643
12413
12583
18225
12651
12605
14646
15271
14916
17179
15510
17496
15028
14732
14525
13081
15777
15159
12433
12855
12666
13187
17708
13829
15562
15822
18092
15660
13523
12621
14672
13468
14865
15923
15101
16098
12480
13304
18229
16279
16700
17796
15823
17913
15950
18260
17442
17365
15525
17293
16402
17243
14161
14210
12838
14618
15587
14952
17064
15601
16033
12708
13004
12557
12672
16477
12779
13370
17158
14741
16814
17059
15180
16424
16351
17223
16891
17338
17371
14282
13488
16907
17659
13495
14472
12437
14307
13506
15984
17999
13198
13750
12359
16395
14810
14608
14829
17339
16995
16655
16549
15332
16048
12429
14813
17965
13782
17602
16393
13269
15081
17884
12872
15881
14985
12868
13649
15033
16898
16748
18102
16735
13078
13317
14221
13451
13993
16203
16634
15919
15179
16996
14766
16315
12721
14206
14334
15018
13140
15311
14679
17676
13963
12942
18041
16805
15570
18176
12944
13611
16455
13984
17044
13672
13929
18071
16274
15038
12474
16550
12865
13802
16873
15532
13246
12451
13948
16282
12530
14794
14209
14217
16812
14594
17975
15044
15208
12678
17819
13368
14107
13238
13090
15394
14001
17690
12472
17912
18178
16905
14119
15139
16810
18043
17204
17925
17950
13077
15291
17181
18109
16019
15689
16083
12417
18085
17406
14090
17213
12434
12782
14680
13767
16579
13807
15723
18259
12540
14236
17873
16983
16570
17634
15845
17552
14828
13310
17618
17616
16945
16250
17869
12662
13126
15460
16191
13473
17593
15078
15373
13982
14437
16010
14976
17696
18016
18156
12808
16422
13324
14496
17017
12738
17969
13527
16948
14083
16411
13065
17126
17692
14092
17198
16919
15316
15350
15062
14205
14944
14913
14264
16221
14796
13221
14527
17897
15485
17460
14849
15221
16875
17418
16565
18269
14040
17007
13634
12510
14667
17838
12691
14487
18113
17470
15831
17396
18032
12797
14533
15048
13859
12388
12500
15447
16458
12427
15752
13426
13787
15465
13838
15012
16567
17771
14256
15262
13124
16539
17730
17787
12483
12527
16316
16743
13520
14673
17855
16654
12395
12877
15498
16701
17547
17809
14295
16775
18061
14409
15235
16711
15164
16771
12939
17609
17976
16985
16833
17720
13576
14625
14396
16795
15296
14220
16094
17961
12724
12870
12681
15922
17752
12971
18095
13162
16843
17189
13953
16134
13922
13769
13599
16233
14388
17760
15953
17375
13113
14373
14850
15039
16210
15769
15581
17820
15880
17511
16218
18065
17235
14320
14514
12626
14739
13854
14709
15093
17800
13593
16899
13862
16153
14180
12494
13385
14238
12705
14576
13764
15615
17576
14215
15059
13136
16558
16365
16011
13048
14243
16456
16042
14449
17555
15732
18144
15894
15882
14821
16752
13000
16726
12652
17841
14081
16350
15246
15620
14113
17114
16782
17655
15312
17811
16034
17865
17862
16293
12515
17722
15363
12785
12921
17964
16638
16719
15696
13883
12649
17288
13253
17231
12665
16861
16265
15240
15899
17218
13102
15658
16839
14896
15789
17585
15987
15664
17581
17400
16327
15898
16676
17677
14737
12553
13165
13047
15298
13144
17857
17816
16500
17307
18245
13846
14696
12766
18230
14462
16326
15945
14755
16754
14414
17707
18119
17850
15514
14769
17048
16145
16186
16122
15361
14901
16150
15366
16791
15694
17905
16926
15358
13369
17085
12423
15569
17682
15304
17420
15998
17389
12951
14443
13890
17530
16401
15301
16779
15454
12913
13174
17449
17001
17646
14506
13284
14987
15938
18077
12753
13108
15351
16679
18044
12567
14748
14030
15456
15192
18106
13011
18037
16835
14441
15061
12471
18116
15811
13817
16658
16583
14037
13756
16244
17860
15555
17827
14889
18212
13029
12637
16037
15862
17392
13240
15194
13327
16607
15299
13319
13092
14293
13027
15827
15545
13874
15641
12586
15024
15805
15835
12735
16705
14045
17025
17097
16161
15547
16816
16885
13089
13270
15535
15224
13784
14479
13869
14426
12725
12928
14175
16303
14344
12476
12924
14498
12793
14016
13255
15384
18223
16503
17880
13747
12383
15464
18226
12489
12356
13941
16927
15759
17894
17812
13138
16143
16016
12585
13694
15326
13693
16546
15939
17633
13798
15379
17691
16722
17525
17259
16713
17757
17068
13983
14057
15392
17306
15395
12600
13266
12712
17917
17671
15046
17920
17251
16600
14292
18283
12501
15983
13305
12348
16062
15518
17019
13050
14270
13497
14189
12875
16553
12539
17430
17419
17135
13491
12647
17411
15719
17303
15860
12791
14898
17412
17262
13680
12720
12503
14062
15687
17368
17095
13418
12980
15749
15916
15347
17341
15213
16560
13233
13329
15640
17967
13487
17230
16850
16359
14085
15607
18141
18097
16525
15100
14448
15281
15605
16889
15111
15646
15426
16081
17324
14866
15021
17551
15260
12578
13267
14779
14415
15649
17091
15856
14237
14201
13107
14156
15955
15107
15211
17220
14150
17146
15780
12989
12734
14587
17863
17315
17457
13094
17706
14185
17744
12967
12523
12755
18179
12481
14524
14867
13455
17870
16686
17580
13148
12441
12422
13831
17908
15867
14639
12347
17239
17026
13531
17674
12686
17033
13313
18190
15023
12346
15502
17799
17188
12668
16817
16140
17596
13880
17937
14978
14135
16473
14543
15165
15032
14032
13656
16531
13263
13064
17491
15503
16883
15661
14577
14907
14390
15965
14735
13082
18171
15626
16997
15606
17802
13700
14572
12915
14428
15513
15197
14932
15482
17428
14621
16163
14355
16931
13842
15628
12673
13958
17526
14099
17372
16206
14684
16955
13564
13569
13448
15596
17924
13013
13117
12386
17675
17954
15353
13565
16520
14713
16892
15422
17567
14702
15356
14565
14878
12683
17700
14841
12931
14114
17735
17611
17524
16086
16519
18239
17858
16923
16904
18193
18050
13225
17980
14777
15512
13627
18233
14573
14544
14532
15750
15005
17381
14505
13209
15529
13959
14871
14688
13496
13178
14404
17742
18198
12682
14142
15329
16556
16003
16593
16065
15808
13097
15574
14298
17404
15079
17191
13093
17069
17519
17890
12829
16670
18069
17450
15858
13969
17041
16353
13579
13173
12731
14653
13898
15838
15002
14051
16656
17949
14729
13115
12601
16863
14643
14242
16532
13999
15544
13183
16912
12726
14708
13777
13614
17951
13104
18062
15279
14733
12431
15973
17702
15288
16112
12728
15157
16717
15266
15370
15708
16059
12820
16493
14299
17284
16013
13668
17990
16725
15468
13069
14825
12377
14167
17988
15673
14715
13652
14309
14560
17572
17128
16270
