1,22173
2,62095B
3,22853
4,44228
5,90013A
6,85114B
7,84754
8,22577
9,22531
10,22291
11,16161P
12,21908
13,21814
14,21896
15,21623
16,21945
17,22945
18,22776
19,85194L
20,20868
21,90204
22,20961
23,90199A
24,72741
25,20857
26,90214P
27,84270
28,84596F
29,84569B
30,22194
31,21579
32,20861
33,20663
34,84988
35,22383
36,90050
37,22754
38,22101
39,22155
40,22197
41,22441
42,90002D
43,21784
44,22617
45,21523
46,15056P
47,84509C
48,22712
49,85049g
50,20878
51,22409
52,84818
53,85006
54,21725
55,21819
56,21132
57,21821
58,22319
59,84559B
60,90199B
61,46000U
62,21175
63,84898F
64,22932
65,20702
66,16169P
67,85232B
68,85167B
69,84584
70,90138
71,16168M
72,21710
73,21245
74,22925
75,85018C
76,35648
77,21982
78,21369
79,84828
80,22867
81,84843
82,21086
83,90042A
84,22447
85,22697
86,72133
87,22935
88,22937
89,22771
90,22067
91,21488
92,35004C
93,22434
94,90202A
95,21556
96,22834
97,47518f
98,84993A
99,47369A
100,90198A
101,22453
102,84226
103,21787
104,85170D
105,21576
106,90132
107,85055
108,85032A
109,22421
110,22707
111,84926E
112,21544
113,79329
114,84931A
115,22311
116,90155
117,90000B
118,90038B
119,22961
120,22805
121,21485
122,22293
123,20758
124,85034C
125,22826
126,85023C
127,22626
128,90092
129,21518
130,22717
131,22551
132,84849B
133,84507C
134,20980
135,21564
136,22714
137,22900
138,22830
139,22562
140,22952
141,22482
142,37467
143,85130C
144,21040
145,22813
146,85127
147,20771
148,21746
149,35954
150,90129C
151,22491
152,22701
153,21638
154,20698
155,22219
156,22260
157,22726
158,84596L
159,22907
160,47591D
161,22785
162,21131
163,21824
164,84559a
165,22457
166,85227
167,22904
168,21286
169,22914
170,22660
171,90179A
172,22050
173,82486
174,22747
175,85131A
176,22521
177,72815
178,22550
179,85039C
180,21365
181,85020
182,22245
183,90143
184,85014b
185,21407
186,21080
187,22713
188,46776B
189,21745
190,84971S
191,20892
192,21632
193,22505
194,22910
195,21172
196,22432
197,21244
198,22638
199,22621
200,84688
201,79192A
202,20954
203,22985
204,90086
205,21705
206,84880
207,22282
208,22405
209,22891
210,21402
211,22565
212,20856
213,22365
214,85185B
215,90094
216,22363
217,85169A
218,46000P
219,84925F
220,85118
221,21937
222,84800S
223,22123
224,21174
225,72127
226,20719
227,85230G
228,84539
229,21895
230,84631
231,20764
232,20671
233,84875B
234,22289
235,21361
236,20871
237,20734
238,22946
239,22078
240,22921
241,23230
242,78124
243,84881
244,21793
245,22475
246,20696
247,90136
248,84744
249,84663A
250,90054
251,17091J
252,20960
253,21743
254,35597A
255,85141
256,37495
257,21534
258,84970l
259,22430
260,22752
261,72799E
262,72780
263,85136B
264,22153
265,35607A
266,84795B
267,90053
268,22130
269,85096
270,90130D
271,72800D
272,21371
273,21641
274,22651
275,90201D
276,16054
277,22803
278,84598
279,48111
280,22501
281,21121
282,22313
283,82599
284,90161C
285,22703
286,85129D
287,84546
288,22610
289,22086
290,90184C
291,84913A
292,84078A
293,21472
294,22152
295,84950
296,22184
297,72760B
298,90002D
299,21932
300,51014L
301,21447
302,37461
303,84616
304,21129
305,22796
306,20733
307,22305
308,21258
309,22683
310,20717
311,22877
312,22795
313,22568
314,85014A
315,17012A
316,22060
317,22704
318,21520
319,21946
320,84751B
321,23233
322,22425
323,21026
324,20973
325,90126A
326,90214A
327,21497
328,21934
329,84378
330,72232
331,82001S
332,22051
333,85179A
334,21616
335,20982
336,85178
337,21469
338,82580
339,21226
340,22866
341,22797
342,37509
343,71053
344,22937
345,90085
346,48184
347,21640
348,20869
349,22049
350,22918
351,22132
352,84352
353,21038
354,22800
355,82011B
356,21724
357,22588
358,20751
359,22221
360,21359
361,72807a
362,22372
363,21189
364,21160
365,37468
366,84745A
367,21231
368,21275
369,90013B
370,47586A
371,22932
372,20664
373,22169
374,22093
375,21258
376,21115
377,22524
378,21034
379,22893
380,90168
381,21656
382,84741C
383,90035A
384,22971
385,21986
386,22927
387,22857
388,22085
389,21211
390,84725
391,21868
392,84499
393,35443
394,37343
395,21161
396,22677
397,22755
398,84978
399,85093
400,90162D
401,84913B
402,84519A
403,20661
404,21012
405,84666
406,84661B
407,21733
408,22112
409,22851
410,35271S
411,22249
412,21832
413,21902
414,22200
415,20830
416,90160A
417,21217
418,22911
419,47594A
420,82567
421,22732
422,90202C
423,20755
424,22079
425,90177B
426,21594
427,21944
428,21731
429,85206B
430,35961
431,22517
432,48187
433,90170
434,22410
435,21777
436,22810
437,20967
438,84508C
439,17084J
440,85230E
441,22888
442,22390
443,22591
444,20936
445,21895
446,21062
447,20699
448,90037B
449,21721
450,21486
451,90076
452,22898
453,22193
454,22905
455,18097A
456,90118
457,85188B
458,21114
459,21808
460,79051A
461,20970
462,22353
463,79320
464,90120C
465,90200E
466,20727
467,21212
468,90214M
469,90027A
470,22449
471,90023
472,21894
473,16012
474,22204
475,20866
476,21197
477,22654
478,21209
479,21163
480,84563A
481,21498
482,85124C
483,22477
484,16202E
485,47566b
486,20665
487,22679
488,90042B
489,17090A
490,21642
491,22940
492,37446
493,20619
494,22454
495,22423
496,22623
497,84569D
498,85044
499,21784
500,22163
501,21985
502,22386
503,21877
504,21028
505,90144
506,21427
507,22668
508,22385
509,22865
510,15058B
511,90178A
512,84806A
513,84997C
514,17013D
515,21394
516,21906
517,22323
518,82482
519,22635
520,90211B
521,20785
522,21460
523,22617
524,22150
525,90119
526,85230F
527,90197B
528,21804
529,84569B
530,21754
531,20878
532,22355
533,90096
534,90214W
535,20910
536,21873
537,17090D
538,20795
539,21844
540,21207
541,22933
542,47590B
543,51020B
544,22840
545,22310
546,84375
547,79000
548,21557
549,22186
550,85049F
551,21458
552,16011
553,90012A
554,90192
555,90130B
556,22742
557,84597C
558,22692
559,22446
560,22070
561,21216
562,37475
563,84534B
564,37489A
565,84849D
566,84921
567,90122C
568,22773
569,22198
570,21292
571,21181
572,21781
573,21693
574,18098C
575,35810A
576,37370
577,22782
578,22734
579,22955
580,90022
581,17011A
582,POST
583,22646
584,22837
585,22111
586,20782
587,22537
588,85136A
589,21201
590,84497
591,21587
592,47594B
593,22501
594,20835
595,21807
596,21327
597,35916C
598,16045
599,90039C
600,20886
601,21698
602,22254
603,21495
604,22322
605,gift_0001_30
606,21761
607,22230
608,90027D
609,21397
610,84625C
611,70007
612,90089
613,22119
614,21243
615,47556B
616,84033
617,85163A
618,84709B
619,90072
620,90055
621,22770
622,22312
623,40003
624,21100
625,85185D
626,85214
627,90200A
628,22533
629,22563
630,85172
631,85035b
632,21462
633,21264
634,22158
635,90211A
636,22408
637,22496
638,90206C
639,90134
640,84927F
641,21468
642,72369A
643,22091
644,90214G
645,84912A
646,22560
647,37489D
648,21617
649,22075
650,22148
651,21376
652,21110
653,85103
654,22988
655,17012F
656,90152A
657,22431
658,48173c
659,22170
660,20984
661,22121
662,90122A
663,47570B
664,20777
665,22281
666,90214T
667,22833
668,22502
669,48173C
670,22145
671,22510
672,22749
673,22139
674,21507
675,21984
676,22725
677,84881
678,22632
679,22558
680,21538
681,21901
682,22339
683,84575A
684,20831
685,75131
686,22351
687,22227
688,47590A
689,21386
690,47556B
691,22722
692,21657
693,82578
694,21064
695,21358
696,21826
697,84817
698,22044
699,35400
700,21284
701,20725
702,40016
703,84613C
704,22277
705,22487
706,84952A
707,90062
708,22147
709,21134
710,90125B
711,22760
712,79337
713,16237
714,22959
715,21040
716,21035
717,72128
718,21206
719,22133
720,22671
721,22202
722,47469
723,21428
724,22468
725,22522
726,20658
727,21836
728,22829
729,90198B
730,22819
731,21757
732,21377
733,22930
734,21925
735,21463
736,21210
737,21789
738,72800C
739,21246
740,84251B
741,79323B
742,22709
743,47367B
744,22107
745,21587
746,90003C
747,21717
748,21120
749,84563B
750,22295
751,22689
752,21095
753,16169M
754,37467
755,21716
756,84461
757,21592
758,22553
759,72038P
760,79151B
761,17109D
762,71270
763,84051
764,22052
765,22672
766,21615
767,72818
768,21651
769,84750B
770,90133
771,22210
772,21481
773,71406C
774,22155
775,20756
776,21580
777,22966
778,21977
779,21157
780,90200D
781,21967
782,20728
783,84050
784,85035C
785,21324
786,22649
787,21033
788,22127
789,20914
790,21011
791,22675
792,22367
793,85180B
794,22443
795,21418
796,84968E
797,85135A
798,72130
799,21666
800,16206B
801,21667
802,22629
803,15039
804,84836
805,84923
806,21871
807,35970
808,22721
809,22965
810,21619
811,82616C
812,22094
813,20978
814,84925D
815,37474
816,21933
817,35832
818,84558A
819,22880
820,16161U
821,22823
822,90042C
823,22504
824,85048
825,85136C
826,90145
827,84380
828,21278
829,22299
830,22641
831,18097C
832,90167
833,84617
834,84559A
835,22115
836,21372
837,90041
838,22762
839,85231g
840,22548
841,21633
842,22435
843,21439
844,22341
845,85008
846,85111
847,21993
848,21671
849,84658
850,84968C
851,90186B
852,90060D
853,22814
854,21714
855,21293
856,18094C
857,84613A
858,21537
859,20996
860,85200
861,21414
862,22222
863,90212C
864,22378
865,20893
866,90034
867,20840
868,22285
869,22916
870,21357
871,17012D
872,82613c
873,84247E
874,22881
875,22360
876,15044B
877,16046
878,22469
879,84660b
880,21722
881,16008
882,84969
883,21430
884,21974
885,20914
886,21661
887,22734
888,22662
889,22765
890,46776D
891,21833
892,22975
893,35591T
894,21662
895,47369B
896,21367
897,21393
898,22758
899,22807
900,21820
901,22331
902,22099
903,21000
904,35964
905,22508
906,85068
907,85231G
908,22486
909,15056p
910,21249
911,21897
912,21147
913,22876
914,84806B
915,85230F
916,85067
917,84898F
918,21850
919,84247N
920,35599D
921,20770
922,35471D
923,47420
924,85131C
925,37444C
926,85213
927,90114
928,21232
929,79144C
930,20974
931,20972
932,35967
933,79190A
934,21352
935,21711
936,35833P
937,22359
938,85049C
939,90040B
940,22149
941,85039a
942,22870
943,85036B
944,47567B
945,22433
946,84247L
947,85123A
948,35004P
949,21446
950,22040
951,90033
952,72803b
953,21167
954,21122
955,84927D
956,71215
957,90059E
958,22083
959,22667
960,22763
961,22297
962,84931B
963,84313B
964,46118
965,84562A
966,22600
967,21892
968,84874B
969,22324
970,22268
971,75049L
972,46000S
973,22228
974,21720
975,47348A
976,79191D
977,21578
978,37448
979,22356
980,22246
981,22334
982,22634
983,22201
984,22664
985,84360
986,22474
987,22557
988,22575
989,84944
990,22444
991,22865
992,20793
993,85230A
994,22833
995,20697
996,21519
997,21061
998,22376
999,90032
1000,22349
1001,21356
1002,84859A
1003,23166
1004,35972
1005,85161
1006,47585A
1007,22887
1008,15056BL
1009,21381
1010,21683
1011,22695
1012,22497
1013,22033
1014,85064
1015,44091A
1016,22470
1017,85212
1018,21431
1019,84997d
1020,47518F
1021,20950
1022,21749
1023,21187
1024,21881
1025,84947
1026,22915
1027,84872a
1028,90120B
1029,22922
1030,22827
1031,21051
1032,22129
1033,35809a
1034,22418
1035,90210C
1036,17084N
1037,21199
1038,84457
1039,20669
1040,47559b
1041,22788
1042,90200B
1043,90051
1044,22716
1045,82615
1046,20781
1047,46776A
1048,22103
1049,84029E
1050,22579
1051,84799
1052,21166
1053,22137
1054,22894
1055,85049D
1056,21333
1057,22774
1058,21931
1059,22848
1060,21935
1061,85126
1062,21251
1063,22528
1064,84968A
1065,22688
1066,22541
1067,90019A
1068,22705
1069,84032B
1070,21208
1071,22128
1072,90011E
1073,21054
1074,22889
1075,22399
1076,22306
1077,47574A
1078,84832
1079,84813
1080,21802
1081,35817P
1082,85086A
1083,85189
1084,21704
1085,22516
1086,21563
1087,21682
1088,90003E
1089,22352
1090,22371
1091,21864
1092,22034
1093,22821
1094,22748
1095,85129C
1096,22536
1097,22902
1098,22046
1099,90167
1100,22500
1101,20748
1102,85130B
1103,51008
1104,71403
1105,22276
1106,20766
1107,90036E
1108,22301
1109,22362
1110,21014
1111,21531
1112,90199C
1113,51020A
1114,21399
1115,22513
1116,22746
1117,22048
1118,22670
1119,22540
1120,22131
1121,37503
1122,22969
1123,21281
1124,22345
1125,22769
1126,22809
1127,85049E
1128,21830
1129,22267
1130,21403
1131,22454
1132,21990
1133,84508A
1134,21684
1135,17003
1136,22294
1137,84499
1138,20819
1139,21648
1140,21351
1141,22890
1142,22928
1143,85099F
1144,84879
1145,22073
1146,90209B
1147,90214D
1148,22181
1149,22825
1150,22134
1151,21914
1152,22736
1153,22620
1154,22480
1155,84968F
1156,84800M
1157,35957
1158,90214N
1159,21194
1160,21689
1161,72709
1162,22811
1163,22236
1164,21632
1165,21738
1166,21165
1167,21145
1168,21332
1169,90129B
1170,90166
1171,22229
1172,22659
1173,20726
1174,22154
1175,85078
1176,22138
1177,84251G
1178,21248
1179,35637A
1180,22520
1181,85144
1182,22427
1183,84251C
1184,21385
1185,84012
1186,22308
1187,84341B
1188,35610C
1189,84712B
1190,20695
1191,21676
1192,79190D
1193,21144
1194,17012E
1195,22580
1196,22063
1197,21973
1198,21470
1199,90214H
1200,90003B
1201,22663
1202,84596E
1203,85106
1204,84997A
1205,90116
1206,21363
1207,20716
1208,20670
1209,21677
1210,90019B
1211,22974
1212,21213
1213,84228
1214,22977
1215,21943
1216,22411
1217,84609
1218,35912B
1219,20723
1220,22024
1221,48188
1222,22348
1223,21747
1224,21801
1225,90180A
1226,85071D
1227,22718
1228,22886
1229,85019C
1230,20818
1231,90196A
1232,21401
1233,22415
1234,22817
1235,22835
1236,22354
1237,85071A
1238,20762
1239,21172
1240,90214Y
1241,21785
1242,22340
1243,22384
1244,20775
1245,84032A
1246,22964
1247,90125A
1248,22786
1249,84870C
1250,21912
1251,90059A
1252,21408
1253,84789
1254,90158
1255,79160
1256,84462
1257,21319
1258,84711A
1259,22479
1260,22034
1261,22259
1262,35921
1263,20829
1264,84522
1265,21067
1266,84279P
1267,21769
1268,22196
1269,85042
1270,21692
1271,90162B
1272,22139
1273,21891
1274,DCGS0070
1275,21471
1276,35915C
1277,11001
1278,21205
1279,22869
1280,21692
1281,84884a
1282,84050
1283,85053
1284,35651
1285,20657
1286,84745B
1287,21001
1288,22745
1289,gift_0001_50
1290,21915
1291,22719
1292,84531B
1293,21991
1294,21890
1295,84406B
1296,84846A
1297,90151
1298,21755
1299,90147
1300,90190C
1301,22678
1302,22885
1303,22768
1304,90011A
1305,22926
1306,22960
1307,22574
1308,21155
1309,22247
1310,90185C
1311,79067
1312,47480
1313,84192
1314,22047
1315,84823
1316,22644
1317,85170A
1318,35958
1319,46776F
1320,21706
1321,22325
1322,21595
1323,35265
1324,22777
1325,82552
1326,20934
1327,22766
1328,20757
1329,21696
1330,22438
1331,84798A
1332,35958
1333,90208
1334,20932
1335,90018A
1336,21700
1337,15034
1338,85066
1339,22899
1340,20897
1341,84707A
1342,85215
1343,m
1344,22777
1345,84508B
1346,20763
1347,22593
1348,85039B
1349,22321
1350,84509E
1351,17038
1352,85135B
1353,22614
1354,46000M
1355,21618
1356,16169K
1357,21484
1358,22583
1359,22538
1360,22266
1361,22772
1362,21426
1363,22799
1364,84773
1365,22191
1366,22082
1367,22783
1368,78034B
1369,16048
1370,21275
1371,21763
1372,22530
1373,22309
1374,85064
1375,62096A
1376,21942
1377,35965
1378,22751
1379,35951
1380,84459A
1381,20801
1382,22526
1383,22837
1384,22233
1385,21011
1386,85114A
1387,22847
1388,22791
1389,22871
1390,22031
1391,90037C
1392,22391
1393,20700
1394,84077
1395,20684
1396,22353
1397,22841
1398,21410
1399,22398
1400,79163
1401,21913
1402,21524
1403,22437
1404,84854
1405,22145
1406,21200
1407,85186A
1408,21867
1409,22534
1410,22828
1411,20652
1412,85152
1413,85230B
1414,85031B
1415,22863
1416,22511
1417,15044C
1418,47563A
1419,21980
1420,22564
1421,16162L
1422,84029G
1423,22604
1424,22215
1425,21491
1426,21976
1427,37462E
1428,37340
1429,22065
1430,20731
1431,22727
1432,48116
1433,22519
1434,22035
1435,21494
1436,21117
1437,22165
1438,72807A
1439,90040A
1440,85040B
1441,85180A
1442,22456
1443,21644
1444,22559
1445,84218
1446,21929
1447,22021
1448,22780
1449,22393
1450,90214I
1451,20724
1452,22452
1453,22532
1454,84212
1455,84562A
1456,21411
1457,10124A
1458,85186C
1459,22380
1460,22820
1461,22611
1462,22069
1463,21629
1464,85169D
1465,90104
1466,16207A
1467,21318
1468,85017B
1469,90082D
1470,90010A
1471,22698
1472,16216
1473,90191
1474,84509c
1475,22157
1476,21744
1477,22336
1478,22209
1479,22214
1480,22866
1481,22792
1482,21186
1483,84509G
1484,22407
1485,71459
1486,22043
1487,84497
1488,20684
1489,37489C
1490,DCGS0076
1491,22882
1492,90161A
1493,22025
1494,22175
1495,DOT
1496,84596J
1497,84620
1498,15056bl
1499,84531A
1500,20803
1501,22741
1502,21084
1503,72801C
1504,22684
1505,16014
1506,21786
1507,85176
1508,21882
1509,22162
1510,85204
1511,84927A
1512,85135B
1513,22744
1514,22847
1515,20794
1516,85049A
1517,84856L
1518,22337
1519,75011
1520,90011D
1521,21486
1522,84968E
1523,85132A
1524,85018D
1525,22702
1526,37476
1527,90185B
1528,15056N
1529,47566
1530,21425
1531,17014A
1532,22650
1533,37476
1534,21285
1535,21647
1536,22216
1537,22937
1538,21370
1539,17091A
1540,90183B
1541,21078
1542,85114c
1543,35095A
1544,21846
1545,90030B
1546,21818
1547,21320
1548,22343
1549,22499
1550,21588
1551,90078
1552,22595
1553,21030
1554,90093
1555,84796B
1556,48129
1557,20767
1558,22852
1559,21591
1560,90141D
1561,84920
1562,22338
1563,21936
1564,21791
1565,21158
1566,21653
1567,85059
1568,22428
1569,72134
1570,20979
1571,82551
1572,84760S
1573,22178
1574,47580
1575,90179C
1576,22723
1577,21926
1578,22956
1579,22743
1580,21191
1581,22874
1582,21870
1583,22450
1584,22190
1585,84993B
1586,90129E
1587,85130A
1588,21584
1589,22715
1590,90177D
1591,84795b
1592,90214K
1593,72598
1594,21368
1595,22636
1596,22849
1597,90124B
1598,90161D
1599,20712
1600,90042C
1601,20957
1602,37474
1603,21736
1604,84912B
1605,22686
1606,21329
1607,22315
1608,72799F
1609,90082A
1610,21528
1611,22523
1612,22572
1613,71495B
1614,90024F
1615,21259
1616,22739
1617,21135
1618,22680
1619,22199
1620,20941
1621,20685
1622,22364
1623,22180
1624,22849
1625,84683
1626,22976
1627,22606
1628,84249A
1629,22624
1630,22525
1631,22176
1632,46000M
1633,22102
1634,21750
1635,22436
1636,85198
1637,21675
1638,21696
1639,85131B
1640,62094B
1641,22218
1642,84029E
1643,21866
1644,22092
1645,84916
1646,84849A
1647,84388
1648,21262
1649,22164
1650,71477
1651,21847
1652,21828
1653,21420
1654,22167
1655,90010B
1656,21383
1657,22854
1658,22954
1659,21650
1660,84968a
1661,22571
1662,35833G
1663,22544
1664,90039B
1665,72349B
1666,21577
1667,84595E
1668,21306
1669,90182C
1670,22357
1671,84600
1672,22633
1673,22179
1674,16156L
1675,22938
1676,90201A
1677,85038
1678,72349b
1679,85062
1680,22166
1681,21270
1682,21905
1683,22333
1684,22098
1685,90140
1686,22182
1687,21810
1688,22285
1689,90058B
1690,22084
1691,85114a
1692,22587
1693,21354
1694,22090
1695,22495
1696,20674
1697,20963
1698,20768
1699,22171
1700,22972
1701,90214B
1702,21031
1703,90019C
1704,22117
1705,90087
1706,21527
1707,22326
1708,85017A
1709,22136
1710,16236
1711,20847
1712,22892
1713,21454
1714,47599A
1715,90181B
1716,21741
1717,21317
1718,40001
1719,22602
1720,35610B
1721,21530
1722,35001W
1723,21849
1724,20704
1725,22329
1726,20675
1727,21162
1728,22381
1729,21288
1730,47591D
1731,84926D
1732,90079
1733,21499
1734,90214S
1735,47590b
1736,90210A
1737,21888
1738,84997D
1739,20828
1740,79190B
1741,22529
1742,17164B
1743,35957
1744,72803B
1745,20798
1746,85025B
1747,22781
1748,84614A
1749,22897
1750,85206A
1751,84905
1752,22569
1753,17096
1754,79149B
1755,85203
1756,21509
1757,62018
1758,90128C
1759,82583
1760,90031
1761,21503
1762,22972
1763,85071B
1764,85170A
1765,21400
1766,47503H
1767,10125
1768,90014B
1769,22458
1770,21041
1771,90082B
1772,90173
1773,85184C
1774,21263
1775,84459B
1776,90214J
1777,37447
1778,84827
1779,35920
1780,90011B
1781,85035B
1782,21723
1783,21082
1784,85087
1785,21070
1786,85032D
1787,20981
1788,82616B
1789,35610A
1790,20711
1791,85025C
1792,21224
1793,85034A
1794,22218
1795,22502
1796,84952C
1797,22206
1798,22919
1799,84951B
1800,22578
1801,21069
1802,90187B
1803,71143
1804,22203
1805,47503J
1806,90130C
1807,22283
1808,17011F
1809,21360
1810,85031C
1811,90129F
1812,84688
1813,82011A
1814,85199L
1815,44235
1816,90176B
1817,22912
1818,22142
1819,37500
1820,85032B
1821,22087
1822,21058
1823,17107D
1824,21726
1825,22581
1826,72819
1827,22394
1828,22342
1829,22860
1830,16258A
1831,21018
1832,20780
1833,22608
1834,22303
1835,84674
1836,21412
1837,90194
1838,35809A
1839,85183B
1840,21690
1841,21218
1842,85187
1843,85114b
1844,79030D
1845,22273
1846,21128
1847,22801
1848,35915B
1849,85040a
1850,20894
1851,37342
1852,21655
1853,21188
1854,21626
1855,22908
1856,22168
1857,21413
1858,21429
1859,21065
1860,21694
1861,84820
1862,22618
1863,22775
1864,22198
1865,21645
1866,90205A
1867,21378
1868,85177
1869,21561
1870,15044A
1871,84906
1872,15044D
1873,21713
1874,21415
1875,84917
1876,21899
1877,90005A
1878,85084
1879,21555
1880,22417
1881,22296
1882,21559
1883,22423
1884,35910A
1885,85194S
1886,22535
1887,85099f
1888,21586
1889,21627
1890,22895
1891,85071C
1892,90188
1893,35933
1894,85132a
1895,35001G
1896,85135C
1897,84927E
1898,21289
1899,85144
1900,35271S
1901,18098C
1902,22812
1903,21424
1904,35968
1905,35609A
1906,20615
1907,21644
1908,21448
1909,84707B
1910,22586
1911,84968D
1912,72816
1913,22700
1914,84536A
1915,20666
1916,37479B
1917,79144B
1918,22174
1919,22776
1920,84929
1921,21107
1922,22366
1923,84270
1924,90212B
1925,16016
1926,90141A
1927,22767
1928,85211
1929,84922
1930,22501
1931,21108
1932,37379A
1933,22957
1934,22584
1935,82599
1936,21533
1937,35241
1938,82613A
1939,22053
1940,84968f
1941,21719
1942,72800E
1943,22377
1944,84992
1945,84660B
1946,20826
1947,21658
1948,84660C
1949,22952
1950,72586
1951,37333
1952,21192
1953,16033
1954,21379
1955,84625A
1956,22156
1957,84507B
1958,47591B
1959,90129A
1960,22444
1961,22706
1962,21504
1963,72802A
1964,37489B
1965,21164
1966,22028
1967,21473
1968,21889
1969,22845
1970,22258
1971,90101
1972,85232D
1973,21257
1974,46000S
1975,22859
1976,22903
1977,84987
1978,21815
1979,22419
1980,84970L
1981,90199D
1982,37491A
1983,84429A
1984,20849
1985,20622
1986,20956
1987,22023
1988,84509B
1989,22909
1990,16010
1991,22108
1992,21464
1993,22061
1994,84534b
1995,84985A
1996,90175A
1997,37444A
1998,20752
1999,22778
2000,21558
2001,84997b
2002,22666
2003,22643
2004,85067
2005,21392
2006,22515
2007,84569A
2008,20679
2009,22503
2010,21947
2011,22665
2012,22731
2013,22212
2014,22029
2015,22403
2016,21635
2017,20682
2018,22929
2019,21054
2020,22185
2021,22655
2022,90209C
2023,85232A
2024,72801d
2025,90163A
2026,22459
2027,21742
2028,90013D
2029,90200C
2030,90214E
2031,85104
2032,79403
2033,22255
2034,90073
2035,84766
2036,84975
2037,22188
2038,22220
2039,35971
2040,72803A
2041,90169
2042,22257
2043,21009
2044,84884A
2045,22619
2046,84997c
2047,21429
2048,21291
2049,15058A
2050,82613C
2051,22251
2052,84877B
2053,21198
2054,82605
2055,35909A
2056,21109
2057,37509
2058,84661C
2059,22489
2060,90071
2061,21219
2062,47570b
2063,22837
2064,21015
2065,22402
2066,84510c
2067,84597B
2068,22613
2069,22057
2070,84989a
2071,22682
2072,20845
2073,21777
2074,16225
2075,21090
2076,84857C
2077,21664
2078,21827
2079,90059B
2080,21268
2081,22379
2082,22594
2083,90112
2084,35598D
2085,82605
2086,21718
2087,85024C
2088,21648
2089,84968B
2090,84945
2091,22653
2092,82613b
2093,gift_0001_20
2094,90206A
2095,85014B
2096,85016
2097,85159A
2098,90154
2099,90195A
2100,16218
2101,48138
2102,22307
2103,21562
2104,84926F
2105,90152B
2106,22561
2107,20860
2108,35646
2109,82484
2110,22816
2111,22591
2112,84949
2113,51014C
2114,90210B
2115,84510C
2116,21307
2117,35916A
2118,84989A
2119,21876
2120,47504K
2121,90201C
2122,20772
2123,17084P
2124,22931
2125,84675
2126,22720
2127,85174
2128,84086C
2129,21204
2130,47599B
2131,22118
2132,84870B
2133,20902
2134,84952B
2135,84568
2136,85150
2137,22498
2138,48189
2139,22424
2140,20759
2141,21441
2142,21836
2143,22261
2144,21743
2145,22027
2146,72351B
2147,82582
2148,90185A
2149,17129F
2150,35810B
2151,17174
2152,22685
2153,35911A
2154,22110
2155,85202
2156,21349
2157,79323P
2158,22445
2159,84877D
2160,22106
2161,21739
2162,79066k
2163,22824
2164,22395
2165,22778
2166,85195
2167,22074
2168,22114
2169,21294
2170,84689
2171,47593A
2172,22314
2173,21059
2174,22141
2175,85014a
2176,35916B
2177,90120A
2178,35911B
2179,90123B
2180,75013B
2181,84661A
2182,90160C
2183,79030G
2184,22883
2185,22947
2186,22250
2187,20906
2188,82581
2189,21628
2190,21989
2191,85208
2192,37501
2193,10120
2194,22609
2195,90141C
2196,90156
2197,72800B
2198,20735
2199,84865
2200,84559b
2201,BANK CHARGES
2202,84006
2203,84924A
2204,22269
2205,21416
2206,79071B
2207,22346
2208,84840
2209,84422
2210,20694
2211,22779
2212,22288
2213,85125
2214,22640
2215,22631
2216,21949
2217,22573
2218,22413
2219,85226A
2220,85231b
2221,22466
2222,20839
2223,16219
2224,21280
2225,22597
2226,90036F
2227,22844
2228,21240
2229,47566B
2230,22088
2231,79302M
2232,85146
2233,85008
2234,21366
2235,79323W
2236,37449
2237,21581
2238,22605
2239,20659
2240,90003D
2241,85119
2242,79164
2243,90214Z
2244,90099
2245,90125E
2246,22632
2247,21865
2248,85216
2249,90112
2250,84926A
2251,35400
2252,22279
2253,18007
2254,85023B
2255,20774
2256,22256
2257,21479
2258,22738
2259,48185
2260,71279
2261,85169B
2262,85130D
2263,21669
2264,90214O
2265,22448
2266,21328
2267,22375
2268,21039
2269,82613B
2270,20998
2271,47503A
2272,21032
2273,90163B
2274,21735
2275,90001C
2276,75178
2277,10133
2278,21272
2279,21126
2280,21813
2281,21159
2282,22493
2283,84673A
2284,85094
2285,21336
2286,84970s
2287,84675
2288,20707
2289,21098
2290,21137
2291,21668
2292,22316
2293,22081
2294,21987
2295,21063
2296,21171
2297,22567
2298,22690
2299,22199
2300,22422
2301,22592
2302,22460
2303,22461
2304,22674
2305,90196B
2306,21009
2307,90161B
2308,84510E
2309,84773
2310,21651
2311,22207
2312,20653
2313,22287
2314,21375
2315,85035A
2316,21672
2317,90137
2318,90214V
2319,51014A
2320,35004B
2321,20867
2322,90125D
2323,90081C
2324,90190A
2325,22284
2326,22944
2327,22350
2328,85167B
2329,35922
2330,22804
2331,22647
2332,84596e
2333,84963A
2334,15056n
2335,90210D
2336,85199S
2337,21445
2338,85031A
2339,22068
2340,22554
2341,21930
2342,S
2343,84231
2344,90190B
2345,22761
2346,22420
2347,22868
2348,90125C
2349,22951
2350,22539
2351,21927
2352,20618
2353,37327
2354,22097
2355,90142D
2356,21880
2357,22546
2358,21421
2359,20983
2360,21068
2361,22693
2362,22543
2363,21673
2364,90036D
2365,22598
2366,22105
2367,22986
2368,21242
2369,47559B
2370,22412
2371,22076
2372,17021
2373,20748
2374,21539
2375,84685
2376,22104
2377,21709
2378,22673
2379,20892
2380,21654
2381,POST
2382,47471
2383,21845
2384,17091A
2385,90038A
2386,90028
2387,21112
2388,20956
2389,21678
2390,22917
2391,21250
2392,21801
2393,85084
2394,22627
2395,22642
2396,22983
2397,35597B
2398,22936
2399,90027B
2400,35004G
2401,84804A
2402,21851
2403,47593B
2404,81950V
2405,22603
2406,85175
2407,22476
2408,22478
2409,21630
2410,22139
2411,22304
2412,84660c
2413,22488
2414,21390
2415,21829
2416,35001W
2417,21707
2418,90205C
2419,20966
2420,72807B
2421,20778
2422,47421
2423,35598B
2424,22323
2425,22232
2426,22858
2427,21491
2428,85197
2429,21348
2430,22440
2431,16207B
2432,22485
2433,22272
2434,21422
2435,21136
2436,85132B
2437,47422
2438,21807
2439,85118
2440,20617
2441,22585
2442,90056
2443,22873
2444,37450
2445,22382
2446,85040A
2447,20986
2448,21116
2449,22113
2450,20848
2451,21983
2452,22077
2453,85015
2454,85045
2455,21907
2456,22855
2457,90024C
2458,22512
2459,21311
2460,22555
2461,21027
2462,22843
2463,85179C
2464,85019B
2465,84763
2466,21179
2467,20773
2468,85131D
2469,84796a
2470,21955
2471,22757
2472,21695
2473,20765
2474,22676
2475,22615
2476,21455
2477,22192
2478,22327
2479,71496A
2480,22637
2481,22856
2482,22066
2483,90142A
2484,22042
2485,20749
2486,21918
2487,84596b
2488,21903
2489,22628
2490,85129B
2491,37482P
2492,21043
2493,22507
2494,21202
2495,46115B
2496,84519B
2497,22549
2498,22280
2499,90174
2500,21816
2501,90165A
2502,22231
2503,84976
2504,90214F
2505,22681
2506,20676
2507,21904
2508,85036b
2509,22120
2510,90018B
2511,22645
2512,85049H
2513,84247G
2514,84946
2515,21609
2516,85168B
2517,37461
2518,20903
2519,84534B
2520,20846
2521,22953
2522,21287
2523,22759
2524,47481
2525,22264
2526,82483
2527,90162C
2528,84592
2529,10002
2530,21106
2531,22737
2532,21125
2533,21169
2534,37464
2535,22872
2536,20750
2537,84821
2538,20975
2539,21466
2540,21340
2541,84882
2542,21461
2543,21500
2544,84755
2545,21788
2546,22878
2547,84596G
2548,85170C
2549,84800L
2550,21917
2551,21506
2552,84347
2553,90165B
2554,90014A
2555,22161
2556,21988
2557,47579
2558,21803
2559,22965
2560,22630
2561,84711B
2562,84692
2563,22270
2564,22734
2565,21708
2566,22802
2567,85034B
2568,72132
2569,22144
2570,21003
2571,82494L
2572,72802C
2573,22599
2574,20969
2575,85047
2576,35914
2577,22913
2578,85049G
2579,21688
2580,21253
2581,72351a
2582,84356
2583,D
2584,23231
2585,22547
2586,90012B
2587,20931
2588,21928
2589,79321
2590,90060B
2591,77101A
2592,90185D
2593,21812
2594,84536b
2595,90059F
2596,21508
2597,22794
2598,21221
2599,20686
2600,22808
2601,21248
2602,90160D
2603,40005B
2604,22344
2605,15036
2606,90184B
2607,22622
2608,85032C
2609,21972
2610,22570
2611,90177C
2612,90164B
2613,22361
2614,21775
2615,46000R
2616,21088
2617,47589
2618,20705
2619,21792
2620,21773
2621,22472
2622,21703
2623,35965
2624,72817
2625,22967
2626,85124B
2627,M
2628,90030C
2629,21613
2630,22026
2631,22095
2632,84977
2633,90122B
2634,21535
2635,90039A
2636,22735
2637,22924
2638,21055
2639,21624
2640,85049e
2641,90108
2642,22208
2643,22832
2644,22274
2645,22920
2646,85132C
2647,22884
2648,47310M
2649,21355
2650,85099B
2651,22426
2652,22243
2653,21260
2654,21313
2655,85160B
2656,21417
2657,22406
2658,22566
2659,22224
2660,90128B
2661,21222
2662,84802A
2663,90057
2664,85109
2665,21042
2666,84596B
2667,22838
2668,20977
2669,22124
2670,21279
2671,35599B
2672,90178B
2673,21239
2674,85036A
2675,85088
2676,84801A
2677,22582
2678,22669
2679,90001D
2680,20681
2681,22708
2682,21275
2683,22661
2684,22691
2685,22302
2686,21809
2687,21911
2688,21066
2689,22862
2690,21349
2691,21265
2692,22465
2693,84638
2694,84809A
2695,71038
2696,21389
2697,21190
2698,21380
2699,21326
2700,85019A
2701,16015
2702,84872A
2703,21479
2704,22439
2705,90164A
2706,22798
2707,21154
2708,22815
2709,21715
2710,17165D
2711,35818P
2712,22158
2713,22135
2714,22696
2715,46775D
2716,84915
2717,22248
2718,90115
2719,85017C
2720,72131
2721,21459
2722,20668
2723,82600
2724,22332
2725,22134
2726,90175D
2727,22625
2728,20662
2729,20713
2730,22358
2731,84826
2732,17084R
2733,46776E
2734,20956
2735,22545
2736,84313C
2737,22116
2738,22278
2739,22962
2740,22818
2741,90177E
2742,84997B
2743,22451
2744,22756
2745,20933
2746,90096
2747,90081A
2748,10135
2749,22939
2750,84748
2751,21975
2752,17007B
2753,20802
2754,85035c
2755,79067
2756,21910
2757,22492
2758,20725
2759,20985
2760,20677
2761,22968
2762,21465
2763,85089
2764,22271
2765,22059
2766,84706D
2767,84358
2768,22509
2769,84520B
2770,21071
2771,84678
2772,21324
2773,62086A
2774,21680
2775,90120D
2776,22607
2777,22244
2778,72801D
2779,84659A
2780,20754
2781,21643
2782,21391
2783,46000S
2784,22318
2785,16238
2786,22183
2787,20701
2788,20992
2789,22518
2790,22822
2791,22734
2792,85026B
2793,22699
2794,85107
2795,22335
2796,82494l
2797,35095B
2798,22187
2799,10124G
2800,84536B
2801,22896
2802,90181A
2803,21874
2804,22096
2805,84031A
2806,22072
2807,84816
2808,90027C
2809,21096
2810,22959
2811,22473
2812,85124C
2813,21922
2814,22556
2815,22842
2816,22948
2817,22262
2818,22806
2819,21316
2820,90040C
2821,22711
2822,84535B
2823,22374
2824,72351A
2825,84031B
2826,22467
2827,47021G
2828,22784
2829,85027L
2830,21774
2831,84665
2832,85054
2833,84840
2834,22733
2835,82011C
2836,20616
2837,22292
2838,21161
2839,35923
2840,21621
2841,22906
2842,21056
2843,84670
2844,22710
2845,22875
2846,21679
2847,21398
2848,21686
2849,AMAZONFEE
2850,85173
2851,20854
2852,90141B
2853,84030E
2854,21763
2855,90195B
2856,85114C
2857,84952C
2858,22616
2859,20654
2860,21374
2861,21442
2862,22151
2863,22837
2864,79191B
2865,21730
2866,22041
2867,22037
2868,21670
2869,21756
2870,20820
2871,22942
2872,21758
2873,21948
2874,18098c
2875,84415B
2876,21661
2877,20966
2878,90214L
2879,84910A
2880,21094
2881,85231B
2882,21634
2883,22789
2884,90070
2885,84509A
2886,21467
2887,21025
2888,22963
2889,21589
2890,72225C
2891,22730
2892,22740
2893,71495A
2894,85170B
2895,85160a
2896,90077
2897,21220
2898,22320
2899,82613D
2900,21488
2901,15060B
2902,21195
2903,84673B
2904,22252
2905,22062
2906,22839
2907,21364
2908,21089
2909,84580
2910,22286
2911,21811
2912,84510A
2913,22317
2914,85049a
2915,90160B
2916,84876B
2917,90123C
2918,84819
2919,22984
2920,20761
2921,21625
2922,22030
2923,90186A
2924,90128D
2925,22750
2926,22589
2927,21196
2928,47578A
2929,22973
2930,22396
2931,21357
2932,21823
2933,21992
2934,84968e
2935,72122
2936,22028
2937,85215
2938,21277
2939,21620
2940,22064
2941,37464
2942,22416
2943,22114
2944,22861
2945,21900
2946,22896
2947,C2
2948,22753
2949,22483
2950,84951A
2951,79191C
2952,22831
2953,90175C
2954,21822
2955,22941
2956,20760
2957,35653
2958,90024E
2959,22934
2960,21123
2961,84637
2962,21790
2963,72801G
2964,84247C
2965,84991
2966,22195
2967,22429
2968,16156S
2969,21452
2970,84558a
2971,22414
2972,21238
2973,90183A
2974,21883
2975,90039D
2976,35924
2977,72802B
2978,70006
2979,22943
2980,90103
2981,22265
2982,22576
2983,90013C
2984,22639
2985,84970S
2986,84660A
2987,21060
2988,21884
2989,47591d
2990,84802A
2991,22923
2992,85116
2993,22846
2994,17012C
2995,84510a
2996,21794
2997,90128A
2998,22970
2999,16161M
3000,35819B
3001,90067A
3002,22100
3003,90202D
3004,16052
3005,22837
3006,21814
3007,20971
3008,21535
3009,22241
3010,21002
3011,21382
3012,85126
3013,21667
3014,22275
3015,85095
3016,90146
3017,22963
3018,10123C
3019,90214R
3020,22080
3021,20941
3022,22246
3023,21595
3024,gift_0001_40
3025,72807C
3026,22400
3027,20718
3028,84792
3029,72814
3030,22045
3031,20703
3032,21879
3033,21622
3034,21269
3035,21421
3036,23232
3037,21817
3038,16169N
3039,90184A
3040,90201B
3041,22055
3042,85049B
3043,22211
3044,85039A
3045,35953
3046,85035a
3047,22728
3048,21547
3049,22135
3050,22217
3051,90059D
3052,22949
3053,22464
3054,85159B
3055,21875
3056,85123a
3057,47504H
3058,71477
3059,21027
3060,22162
3061,22953
3062,22263
3063,21331
3064,21878
3065,22032
3066,35004P
3067,90175B
3068,17012B
3069,84030e
3070,21916
3071,35833G
3072,22481
3073,21156
3074,22071
3075,21690
3076,48194
3077,21124
3078,84968F
3079,85163B
3080,47343A
3081,85036C
3082,22494
3083,21872
3084,22514
3085,21631
3086,21261
3087,21112
3088,22830
3089,22879
3090,21843
3091,22632
3092,21143
3093,44234
3094,21111
3095,22189
3096,85135B
3097,22694
3098,22601
3099,20655
3100,DCGS0003
3101,84876D
3102,90060F
3103,21981
3104,22328
3105,85061W
3106,90059C
3107,47351B
3108,21109
3109,84247K
3110,22471
3111,85169C
3112,85099C
3113,21215
3114,84581
3115,21186
3116,90074
3117,90214C
3118,20769
3119,16235
3120,46776C
3121,37479P
3122,22089
3123,90010E
3124,85183A
3125,79066K
3126,20832
3127,46138B
3128,72798C
3129,22656
3130,22109
3131,22389
3132,21314
3133,90129D
3134,22223
3135,22729
3136,22242
3137,22442
3138,84199
3139,90000D
3140,22712
3141,22652
3142,72051S
3143,22300
3144,37444B
3145,85205B
