260 343 947 1295 1422 1642 2865 
1672 3091 
432 496 530 545 672 882 1094 1144 1288 1298 2073 2607 
169 1306 1817 2577 
2869 
137 157 356 428 716 802 1119 1172 1401 1431 1564 1663 1707 2215 2381 2529 2683 2757 2974 3047 
289 
1672 3091 
173 260 343 518 576 806 947 1295 1422 1642 2008 2360 2526 2571 2770 2865 
375 
173 260 343 518 576 806 947 1295 1422 1642 2008 2360 2526 2571 2770 2865 
407 2943 
1672 3091 
402 467 502 513 778 787 1058 1089 1219 1446 1763 1839 1882 2742 2751 2758 2880 2965 3112 
119 
45 62 89 190 289 328 420 428 548 583 762 762 925 958 1008 1052 1057 1078 1216 1291 1316 1330 1404 1528 1574 1631 1936 1997 2143 2165 2316 2410 2480 2533 2817 
157 412 1216 1250 1305 1367 1728 2081 2529 2667 2706 2906 
92 
165 878 1016 1182 1568 2109 2139 2540 2544 2659 2772 3053 3095 
119 888 1201 1306 1367 1516 1856 
206 2650 3112 
428 1448 2211 2221 2589 
45 376 530 878 1026 1029 1122 1206 1298 1456 2784 2991 3053 3136 
92 157 314 453 1268 1365 1431 1564 2095 2400 2477 2955 2966 3033 
40 82 119 121 186 194 477 947 1122 1306 1422 1506 1864 1918 1936 2650 2722 2739 2761 2853 2880 2955 2985 3017 
675 758 987 1357 1419 2451 2814 
524 788 1030 1071 1144 1273 1562 1795 1968 2045 
1623 
121 679 947 991 1000 1412 1480 1672 2551 3091 3141 
80 157 467 778 1144 1357 1431 1480 2037 2891 2943 2965 3132 3135 
